I_657_n = np.array([6.3, 14.1, 17.7, 20.3, 23.0, 24.1, 25.1, 255, 26.8,])

U_657_n = np.array([-0.01, 0.66, 1.24, 1.94, 3.03, 4.01, 5.57, 7.03, 9.99])

​

I_657_p = np.array([5.3, 2.1, 1.2, 0.6, 0.4, 0.1, 0, -0.02, -0.03])

U_657_p = np.array([0.07, 0.31, 0.43, 0.62, 0.7, 0.89, 1.2, 1.57, 2.38])

​

I_595_p = np.array([8.45, 6.85, 5.55, 4.49, 3.87, 2.69, 1.89, 1.2, 0.66, 0.35, 0.17, 0.07, 0.04, 0.01,0, -0.01, -0.03])

U_595_p = np.array([0.09, 0.15, 0.12, 0.26, 0.29, 0.36, 0.42, 0.49, 0.6, 0.72, 0.83, 0.98, 1.03, 1.14,1.26, 2.15])

​
